>AUTO REFLECTANCE STATISTICS<
7  # 7 basis functions
# First the correlation matrix.
  1.0000000000	0	0	0	0	0	0
  0	0.0467599916	0	0	0	0	0
  0	0	0.0150164797	0	0	0	0
  0	0	0	0.0110277173	0	0	0
  0	0	0	0	0.0026485964	0	0
  0	0	0	0	0	0.0016971867	0
  0	0	0	0	0	0	0.0010893282
# Conclude with the spectral reflectance basis functions

(171 390 2) # Basis Function 1
  0.028681  0.029296  0.029802  0.029963  0.030314  0.030698  0.031128
  0.031808  0.032635  0.033644  0.034864  0.035567  0.036792  0.038255
  0.039365  0.040354  0.041152  0.041819  0.042399  0.042964  0.043456
  0.043928  0.044311  0.044843  0.045232  0.045678  0.046121  0.046406
  0.046727  0.047043  0.047307  0.047487  0.047729  0.047961  0.048269
  0.048555  0.048990  0.049435  0.049847  0.050209  0.050578  0.050784
  0.051044  0.051313  0.051512  0.051821  0.052130  0.052531  0.052937
  0.053320  0.053783  0.054169  0.054595  0.055113  0.055622  0.056165
  0.056826  0.057427  0.058097  0.058776  0.059418  0.060176  0.060874
  0.061495  0.062180  0.062724  0.063281  0.063767  0.064158  0.064580
  0.064965  0.065267  0.065623  0.065928  0.066231  0.066601  0.066942
  0.067282  0.067704  0.068022  0.068393  0.068681  0.069042  0.069388
  0.069749  0.070013  0.070312  0.070719  0.071038  0.071339  0.071608
  0.071763  0.071953  0.072330  0.072706  0.073229  0.073841  0.074528
  0.075451  0.076389  0.077394  0.078500  0.079460  0.080442  0.081425
  0.082281  0.083163  0.084030  0.084748  0.085476  0.086153  0.086740
  0.087361  0.087894  0.088376  0.088867  0.089310  0.089733  0.090223
  0.090736  0.091185  0.091608  0.091978  0.092329  0.092746  0.093097
  0.093408  0.093775  0.094067  0.094314  0.094644  0.094953  0.095253
  0.095615  0.095901  0.096159  0.096429  0.096632  0.096845  0.097198
  0.097529  0.097821  0.098289  0.098809  0.099297  0.099898  0.100497
  0.101226  0.102253  0.103166  0.104163  0.105234  0.106147  0.107052
  0.108033  0.108912  0.109785  0.110545  0.111166  0.111883  0.112553
  0.113150  0.113830  0.114312  0.114791  0.115424  0.115917  0.116338
  0.116831  0.117077  0.117384
(171 390 2) # Basis Function 2
  0.035430  0.038215  0.040393  0.042203  0.044163  0.046560  0.049291
  0.052795  0.057405  0.062157  0.068095  0.073745  0.079523  0.087051
  0.092611  0.097428  0.100979  0.103147  0.105435  0.106990  0.107867
  0.109026  0.109869  0.110477  0.110907  0.110955  0.110935  0.110406
  0.110093  0.109315  0.108471  0.107676  0.107205  0.106689  0.106380
  0.105948  0.105790  0.105766  0.105658  0.105632  0.105378  0.104983
  0.104731  0.104515  0.104219  0.103850  0.103767  0.103531  0.103091
  0.102759  0.102133  0.101510  0.100815  0.099791  0.098971  0.098039
  0.096847  0.095733  0.094536  0.093164  0.091766  0.090110  0.088431
  0.086880  0.084882  0.083211  0.081553  0.079783  0.078147  0.076411
  0.074714  0.073147  0.071308  0.069705  0.068138  0.066345  0.064793
  0.063179  0.061186  0.059563  0.057747  0.055725  0.054094  0.052326
  0.050483  0.048827  0.047184  0.045427  0.043894  0.042396  0.041045
  0.039867  0.038638  0.037294  0.035738  0.033587  0.031256  0.028645
  0.025182  0.021878  0.018286  0.014218  0.010574  0.006783  0.002836
 -0.000713 -0.004428 -0.008022 -0.011223 -0.014569 -0.017675 -0.020521
 -0.023570 -0.026314 -0.028749 -0.031377 -0.033638 -0.035730 -0.038037
 -0.040168 -0.042111 -0.044177 -0.046010 -0.047728 -0.049577 -0.051110
 -0.052583 -0.054151 -0.055460 -0.056749 -0.058129 -0.059356 -0.060509
 -0.061677 -0.062700 -0.063530 -0.064362 -0.065136 -0.065765 -0.066560
 -0.067295 -0.068087 -0.069108 -0.070132 -0.071174 -0.072527 -0.073845
 -0.075440 -0.077603 -0.079408 -0.081386 -0.083241 -0.084850 -0.086309
 -0.087810 -0.089055 -0.090108 -0.090983 -0.091624 -0.092097 -0.092645
 -0.092911 -0.093302 -0.093263 -0.093392 -0.093199 -0.093182 -0.092954
 -0.092710 -0.092468 -0.092002
(171 390 2) # Basis Function 3
  0.038206  0.040896  0.043473  0.045803  0.048223  0.050778  0.053457
  0.056752  0.060871  0.064455  0.068736  0.072446  0.076072  0.080808
  0.084141  0.086863  0.088940  0.090397  0.091254  0.092419  0.093353
  0.093796  0.094885  0.095040  0.095502  0.095786  0.096206  0.095830
  0.095532  0.095124  0.094295  0.093448  0.092588  0.091371  0.090336
  0.088622  0.087410  0.085814  0.083809  0.081739  0.079394  0.077024
  0.074370  0.071457  0.068705  0.065565  0.062307  0.058954  0.054836
  0.050925  0.045995  0.040885  0.036000  0.029392  0.023432  0.016835
  0.009077  0.001970 -0.006488 -0.015179 -0.023338 -0.033107 -0.041560
 -0.049903 -0.059071 -0.066535 -0.073811 -0.081149 -0.086904 -0.092775
 -0.097925 -0.102238 -0.106693 -0.110176 -0.113171 -0.116449 -0.118895
 -0.121117 -0.123414 -0.124889 -0.126251 -0.127189 -0.128083 -0.128914
 -0.129342 -0.129714 -0.130287 -0.130888 -0.131355 -0.131783 -0.131955
 -0.131750 -0.131289 -0.130355 -0.129007 -0.126679 -0.123905 -0.120411
 -0.115788 -0.111391 -0.106399 -0.100687 -0.095553 -0.089997 -0.084177
 -0.079029 -0.073475 -0.067938 -0.063027 -0.057742 -0.052582 -0.047970
 -0.042794 -0.038326 -0.034225 -0.030029 -0.026312 -0.023010 -0.019516
 -0.016478 -0.013656 -0.010615 -0.007713 -0.004902 -0.001498  0.001646
  0.004742  0.008357  0.011606  0.014831  0.018287  0.021252  0.024124
  0.027607  0.031166  0.034720  0.039049  0.042991  0.046628  0.050588
  0.053752  0.056406  0.058975  0.060924  0.062357  0.063419  0.063519
  0.062650  0.060565  0.058192  0.055323  0.052076  0.049571  0.047189
  0.045352  0.044347  0.043770  0.043754  0.044029  0.044771  0.045731
  0.046897  0.048574  0.050075  0.051883  0.053862  0.055836  0.057901
  0.060051  0.062089  0.064114
(171 390 2) # Basis Function 4
 -0.002699 -0.002241 -0.002344 -0.002380 -0.002355 -0.001992 -0.002021
 -0.001788 -0.001653 -0.001444 -0.001167 -0.000548 -0.000618 -0.001089
 -0.000640 -0.000826 -0.001087 -0.001499 -0.001523 -0.002028 -0.002125
 -0.002159 -0.002143 -0.002087 -0.002263 -0.002510 -0.002556 -0.002668
 -0.002689 -0.002683 -0.002617 -0.002487 -0.002528 -0.002347 -0.002316
 -0.002312 -0.002313 -0.002507 -0.002840 -0.002975 -0.003125 -0.003260
 -0.003540 -0.003655 -0.003713 -0.003898 -0.003941 -0.004327 -0.004727
 -0.005105 -0.005428 -0.005437 -0.005571 -0.005422 -0.005001 -0.004393
 -0.003371 -0.002008  0.000155  0.002563  0.005275  0.009127  0.012870
  0.017243  0.022712  0.027596  0.032760  0.038230  0.042577  0.046939
  0.050385  0.052838  0.054756  0.055729  0.055869  0.055637  0.055030
  0.054152  0.052775  0.051418  0.049685  0.047464  0.045217  0.042484
  0.039322  0.036048  0.032257  0.028330  0.024499  0.020023  0.015831
  0.011768  0.007154  0.003102 -0.000957 -0.006034 -0.010531 -0.015433
 -0.021344 -0.026392 -0.031688 -0.037366 -0.041794 -0.046315 -0.050771
 -0.054326 -0.058016 -0.061759 -0.064813 -0.068239 -0.071660 -0.074507
 -0.077676 -0.080335 -0.082500 -0.084631 -0.086533 -0.087800 -0.089118
 -0.090244 -0.090952 -0.091920 -0.093067 -0.094292 -0.096153 -0.098094
 -0.099770 -0.101756 -0.103300 -0.104324 -0.105188 -0.105242 -0.104920
 -0.104608 -0.104407 -0.104153 -0.103892 -0.103490 -0.102546 -0.101081
 -0.099091 -0.096540 -0.093111 -0.089774 -0.085870 -0.080412 -0.075019
 -0.068398 -0.059310 -0.049843 -0.038231 -0.022965 -0.007958  0.009408
  0.028810  0.046685  0.065945  0.085165  0.102294  0.120720  0.138306
  0.154251  0.171790  0.187920  0.202704  0.219720  0.234143  0.247428
  0.262584  0.274266  0.285088
(171 390 2) # Basis Function 5
  0.083818  0.088002  0.092280  0.095686  0.098450  0.101093  0.102779
  0.104755  0.106239  0.107343  0.108219  0.107352  0.105642  0.105356
  0.103003  0.101157  0.098440  0.095103  0.090279  0.087461  0.082903
  0.078382  0.074615  0.068502  0.065064  0.060131  0.055551  0.050663
  0.046321  0.042445  0.036932  0.033275  0.028699  0.023291  0.018025
  0.012787  0.007406  0.001987 -0.004236 -0.009579 -0.017109 -0.023444
 -0.030823 -0.039418 -0.046370 -0.055290 -0.062814 -0.070612 -0.078604
 -0.085410 -0.093358 -0.099689 -0.105382 -0.111907 -0.117129 -0.122174
 -0.127420 -0.131787 -0.135182 -0.137766 -0.139690 -0.140717 -0.140154
 -0.138430 -0.134624 -0.130342 -0.124549 -0.117681 -0.110845 -0.102622
 -0.094635 -0.087120 -0.078026 -0.070122 -0.062538 -0.053254 -0.045472
 -0.037973 -0.029320 -0.022171 -0.015214 -0.007118 -0.000679  0.005915
  0.012903  0.018727  0.025830  0.032780  0.038949  0.046462  0.053402
  0.059873  0.067547  0.073967  0.079762  0.085869  0.089919  0.092955
  0.095559  0.097042  0.098059  0.098882  0.099146  0.099193  0.098855
  0.098136  0.096976  0.095088  0.093066  0.089756  0.086479  0.082772
  0.078433  0.074348  0.070535  0.066210  0.062474  0.059044  0.055463
  0.052207  0.049075  0.044953  0.041499  0.037561  0.032496  0.027465
  0.022271  0.016215  0.010759  0.005199 -0.000715 -0.005830 -0.010882
 -0.017231 -0.023509 -0.030324 -0.038717 -0.046695 -0.054259 -0.062874
 -0.069982 -0.076805 -0.084086 -0.090092 -0.095564 -0.100635 -0.103109
 -0.103921 -0.102582 -0.098917 -0.093695 -0.085992 -0.078073 -0.068974
 -0.058136 -0.048946 -0.039046 -0.028774 -0.019265 -0.009626 -0.000699
  0.007825  0.015882  0.024601  0.031604  0.039770  0.046395  0.052533
  0.058724  0.063501  0.068522
(171 390 2) # Basis Function 6
 -0.218928 -0.228931 -0.236734 -0.240550 -0.241410 -0.237879 -0.230603
 -0.222864 -0.208717 -0.195202 -0.176487 -0.153713 -0.131212 -0.108000
 -0.086886 -0.064566 -0.044329 -0.029702 -0.011947 -0.000670  0.011287
  0.023590  0.033033  0.044043  0.049672  0.056711  0.062753  0.067317
  0.070099  0.072837  0.075848  0.077011  0.079678  0.082346  0.084655
  0.085520  0.087008  0.088404  0.088472  0.087772  0.086883  0.085096
  0.081892  0.079810  0.076585  0.072104  0.068814  0.064260  0.059053
  0.053989  0.048270  0.042197  0.036775  0.028245  0.021830  0.013991
  0.005761 -0.001126 -0.010837 -0.019078 -0.026901 -0.035452 -0.042340
 -0.047881 -0.053590 -0.057053 -0.059244 -0.061367 -0.062409 -0.061974
 -0.061444 -0.060135 -0.058155 -0.056215 -0.053732 -0.049983 -0.047033
 -0.043278 -0.039148 -0.035170 -0.030730 -0.025784 -0.022185 -0.017919
 -0.013761 -0.009768 -0.005901 -0.001971  0.001317  0.004566  0.007412
  0.009601  0.011986  0.013929  0.016002  0.018421  0.020841  0.023185
  0.026096  0.028801  0.031595  0.034142  0.036620  0.039405  0.041226
  0.042799  0.044461  0.045448  0.046189  0.046781  0.047009  0.047080
  0.047111  0.046941  0.046737  0.046627  0.046395  0.046586  0.046654
  0.047211  0.047372  0.047425  0.046637  0.045755  0.044107  0.042730
  0.040599  0.038061  0.035035  0.031841  0.028640  0.024694  0.020685
  0.014948  0.009623  0.003496 -0.004257 -0.011442 -0.018758 -0.026975
 -0.034356 -0.041559 -0.049882 -0.056712 -0.062751 -0.069541 -0.074163
 -0.077819 -0.080742 -0.081326 -0.080423 -0.078420 -0.075270 -0.069636
 -0.063179 -0.055855 -0.047039 -0.036844 -0.027946 -0.017600 -0.007383
  0.002486  0.013291  0.024216  0.033555  0.045264  0.055096  0.064178
  0.073822  0.081269  0.089380
(171 390 2) # Basis Function 7
  0.128499  0.128834  0.129214  0.125708  0.122716  0.115849  0.106135
  0.095480  0.076670  0.058928  0.036143  0.011733 -0.014354 -0.040716
 -0.063407 -0.087451 -0.103020 -0.110460 -0.117946 -0.120817 -0.119329
 -0.119261 -0.117522 -0.113486 -0.109070 -0.102264 -0.095578 -0.086315
 -0.077507 -0.068637 -0.057862 -0.048311 -0.040295 -0.031896 -0.024151
 -0.015750 -0.008478 -0.002888  0.004019  0.010076  0.017352  0.024050
  0.031787  0.039323  0.046188  0.055410  0.061349  0.069371  0.076530
  0.082622  0.089499  0.093822  0.097714  0.102079  0.104077  0.105454
  0.105934  0.104707  0.101959  0.097471  0.092950  0.085883  0.078686
  0.070007  0.059521  0.049841  0.038992  0.027538  0.017863  0.006216
 -0.003616 -0.012464 -0.021499 -0.028443 -0.033719 -0.040375 -0.044319
 -0.047354 -0.049811 -0.051504 -0.052506 -0.053432 -0.053733 -0.055282
 -0.056831 -0.058488 -0.061107 -0.063854 -0.066852 -0.072132 -0.077372
 -0.082162 -0.087712 -0.090196 -0.090426 -0.087139 -0.080508 -0.070731
 -0.055863 -0.041385 -0.025155 -0.007305  0.007336  0.021804  0.035651
  0.046333  0.056264  0.064806  0.070570  0.075835  0.080203  0.083511
  0.087073  0.088856  0.090249  0.091355  0.092019  0.092140  0.091474
  0.090764  0.089391  0.086806  0.083798  0.079900  0.074696  0.069451
  0.063805  0.056954  0.050633  0.044769  0.038178  0.032044  0.025479
  0.017200  0.009580  0.001917 -0.007245 -0.014929 -0.022812 -0.032393
 -0.041183 -0.049995 -0.060172 -0.069238 -0.078407 -0.089869 -0.100241
 -0.111077 -0.120963 -0.128450 -0.133291 -0.135239 -0.133392 -0.128452
 -0.118203 -0.107440 -0.092370 -0.076739 -0.062144 -0.045013 -0.028055
 -0.011919  0.007684  0.024351  0.041558  0.059583  0.075421  0.090653
  0.107681  0.120837  0.132622

>SI REFLECTANCE STATISTICS<
7               # 7 basis functions
20.0  # Roll-off of 20dB/decade.
   1.000000  0.000000  0.000000  0.000000  0.000000  0.000000  0.000000
   0.000000  0.046759  0.000000  0.000000  0.000000  0.000000  0.000000
   0.000000  0.000000  0.015016  0.000000  0.000000  0.000000  0.000000
   0.000000  0.000000  0.000000  0.011027  0.000000  0.000000  0.000000
   0.000000  0.000000  0.000000  0.000000  0.002648  0.000000  0.000000
   0.000000  0.000000  0.000000  0.000000  0.000000  0.001697  0.000000
   0.000000  0.000000  0.000000  0.000000  0.000000  0.000000  0.001089
